c Formula randomly generated
p cnf 40 80
-11 21 0
-39 -18 0
25 13 0
-27 -33 0
26 -36 0
27 -16 0
16 20 0
6 32 0
-14 13 0
39 33 0
21 -6 0
24 31 0
-19 3 0
-22 -36 0
-3 -31 0
10 -32 0
-9 -16 0
-12 -5 0
-37 25 0
-8 -29 0
-37 -1 0
-2 -28 0
20 6 0
19 -16 0
-24 28 0
11 40 0
-37 -25 0
38 -6 0
-20 8 0
26 7 0
-40 14 0
-21 31 0
-37 -29 0
-32 -21 0
10 -29 0
-8 10 0
-21 -33 0
1 8 0
11 6 0
3 -19 0
7 -16 0
-31 -27 0
-31 -19 0
1 -9 0
-20 -21 0
-37 27 0
-40 -36 0
-27 -16 0
7 -20 0
-20 3 0
24 23 0
12 -4 0
-35 36 0
-32 -29 0
11 15 0
23 -22 0
11 -23 0
-27 -31 0
18 -13 0
22 32 0
17 5 0
-7 18 0
-33 38 0
12 -9 0
-30 23 0
23 15 0
-24 -17 0
20 -14 0
15 31 0
6 23 0
-21 36 0
-15 12 0
-21 39 0
-30 -25 0
-7 -20 0
32 -31 0
-27 4 0
-25 -7 0
3 -18 0
2 36 0
